1743003452951 72.1625 1
1743003461350 72.65 2
1743003469280 73.07875 3
1743003477286 73.61999999999999 4
1743003485143 74.325 5
1743003492810 74.8925 6
1743003500509 75.445 7
1743003508244 75.7725 8
1743003516064 76.1225 9
1743003523771 76.465 10
1743003531492 76.8125 11
1743003539116 76.9975 12
1743003546459 77.2875 13
1743003554267 77.4825 14
1743003562119 77.7375 15
1743003570057 77.82375 16
1743003577632 77.97500000000001 17
1743003585171 78.125 18
1743003593079 78.14875 19
1743003600853 78.36125 20
1743003608747 78.53875000000001 21
1743003616382 78.5125 22
1743003624111 78.67875 23
1743003631766 78.76375 24
1743003639474 78.8775 25
1743003647181 78.97874999999999 26
1743003654655 79.025 27
1743003662554 79.12875 28
1743003669951 79.19625 29
1743003677391 79.33875 30
1743003685145 79.3175 31
1743003693110 79.38125000000001 32
1743003701024 79.46 33
1743003708944 79.44250000000001 34
1743003716519 79.635 35
1743003724502 79.67625000000001 36
1743003732104 79.6725 37
1743003739759 79.69375 38
1743003747304 79.72875 39
1743003755161 79.79875 40
1743003762959 79.87875 41
1743003770633 79.825 42
1743003778572 80.07625 43
1743003786437 79.95750000000001 44
1743003794064 79.99125000000001 45
1743003801961 80.0 46
1743003809373 80.02 47
1743003816835 80.12625 48
1743003824420 80.1775 49
1743003832225 80.15375 50
1743003839997 80.21125 51
1743003847671 80.175 52
1743003855288 80.2625 53
1743003863007 80.255 54
1743003870847 80.28 55
1743003878759 80.345 56
1743003886474 80.32125 57
1743003894121 80.41 58
1743003901887 80.45875 59
1743003909513 80.39375 60
1743003917256 80.47375 61
1743003925122 80.44 62
1743003932605 80.47 63
1743003940492 80.50874999999999 64
1743003948053 80.54625 65
1743003955806 80.50375 66
1743003963446 80.63 67
1743003970980 80.66499999999999 68
1743003978577 80.575 69
1743003986008 80.67 70
1743003993395 80.565 71
1743004000818 80.70125 72
1743004008587 80.645 73
1743004016379 80.78999999999999 74
1743004024218 80.77499999999999 75
1743004032033 80.7875 76
1743004040031 80.77 77
1743004047741 80.78 78
1743004055632 80.76625 79
1743004063095 80.76875 80
1743004070303 80.8675 81
1743004077458 80.8425 82
1743004084659 80.92625 83
1743004091908 80.91000000000001 84
1743004098795 80.90875 85
1743004105552 80.905 86
1743004112569 80.9425 87
1743004119667 80.92875000000001 88
1743004126581 80.96124999999999 89
1743004133353 80.9675 90
1743004140504 80.99 91
1743004147690 80.98875 92
1743004154504 80.99499999999999 93
1743004161262 80.985 94
1743004168395 81.04 95
1743004175453 81.05499999999999 96
1743004182295 81.05 97
1743004189543 81.0075 98
1743004196498 81.04625 99
1743004203422 81.085 100
