1743353394183 71.7975 1
1743353402818 72.21 2
1743353409910 72.8825 3
1743353417381 73.30624999999999 4
1743353424408 73.63250000000001 5
1743353431004 73.95375 6
1743353437709 74.28 7
1743353444650 74.4825 8
1743353452833 74.76375 9
1743353461298 75.00625 10
1743353468914 75.20750000000001 11
1743353476526 75.3325 12
1743353484141 75.55375 13
1743353491752 75.68875 14
1743353499361 75.89 15
1743353506925 75.92375 16
1743353514546 76.0575 17
1743353522101 76.12875 18
1743353529677 76.31750000000001 19
1743353537235 76.44625 20
1743353544810 76.44125000000001 21
1743353552432 76.5625 22
1743353559911 76.62875 23
1743353567458 76.73124999999999 24
1743353575012 76.73625 25
1743353582460 76.82375 26
1743353591537 76.89875 27
1743353599200 77.0075 28
1743353606735 77.0325 29
1743353614245 77.1925 30
1743353621899 77.21249999999999 31
1743353629588 77.22 32
1743353637070 77.21625 33
1743353644594 77.23375 34
1743353652202 77.3625 35
1743353659753 77.3225 36
1743353667259 77.44625 37
1743353674855 77.49374999999999 38
1743353682363 77.545 39
1743353689932 77.6525 40
1743353697460 77.65125 41
1743353704964 77.66125000000001 42
1743353712530 77.68 43
1743353720061 77.7025 44
1743353727958 77.7175 45
1743353735643 77.78500000000001 46
1743353743460 77.7675 47
1743353751080 77.835 48
1743353758632 77.8825 49
1743353766241 77.85499999999999 50
1743353773869 78.005 51
1743353781409 78.02125 52
1743353789028 77.92999999999999 53
1743353796617 78.0075 54
1743353804088 78.0275 55
1743353811591 78.01249999999999 56
1743353819193 78.00125 57
1743353826738 77.9725 58
1743353834218 78.17125 59
1743353841794 78.12249999999999 60
1743353849367 78.125 61
1743353857022 78.08874999999999 62
1743353864598 78.20625 63
1743353872213 78.15875 64
1743353879804 78.21625 65
1743353887343 78.19625 66
1743353894928 78.25625000000001 67
1743353902539 78.25999999999999 68
1743353910145 78.30625 69
1743353917736 78.19749999999999 70
1743353925288 78.35125 71
1743353932837 78.29875 72
1743353940314 78.3025 73
1743353947861 78.32375 74
1743353955402 78.3775 75
1743353962930 78.40125 76
1743353970508 78.345 77
1743353978049 78.34375 78
1743353986164 78.36999999999999 79
1743353993751 78.36625000000001 80
1743354002330 78.48 81
1743354010341 78.4625 82
1743354018275 78.43124999999999 83
1743354026658 78.42750000000001 84
1743354035270 78.42625 85
1743354043124 78.4725 86
1743354050268 78.47874999999999 87
1743354057729 78.52125 88
1743354065093 78.52125 89
1743354072197 78.535 90
1743354079422 78.5575 91
1743354086925 78.61375000000001 92
1743354094507 78.59625 93
1743354102221 78.61125 94
1743354110015 78.58375 95
1743354117542 78.7025 96
1743354125079 78.64 97
1743354132654 78.56875 98
1743354140168 78.72125 99
1743354147235 78.64375 100
