1743406040498 72.0775969962453 1
1743406044021 72.21526908635795 2
1743406047146 72.21526908635795 3
1743406050283 72.21526908635795 4
1743406053544 72.19023779724655 5
1743406056741 73.09136420525657 6
1743406060026 74.09261576971214 7
1743406063211 75.1063829787234 8
1743406066406 76.58322903629536 9
1743406069555 77.78473091364205 10
1743406072661 79.18648310387985 11
1743406075780 80.4630788485607 12
1743406078966 81.1639549436796 13
1743406082163 82.09011264080101 14
1743406085349 83.19148936170212 15
1743406088469 83.87984981226533 16
1743406091594 84.60575719649562 17
1743406094727 85.06883604505632 18
1743406097809 85.41927409261577 19
1743406101080 85.99499374217771 20
1743406104201 86.5206508135169 21
1743406107435 87.03379224030037 22
1743406110619 87.2090112640801 23
1743406113762 87.37171464330413 24
1743406116883 87.78473091364205 25
1743406119983 87.88485607008761 26
1743406123073 88.31038798498123 27
1743406126224 88.43554443053817 28
1743406129343 88.78598247809762 29
1743406132471 88.96120150187735 30
1743406135533 88.92365456821027 31
1743406138794 89.48685857321652 32
1743406141928 89.7622027534418 33
1743406144998 89.49937421777221 34
1743406148110 89.63704630788486 35
1743406151252 89.79974968710889 36
1743406154362 90.0 37
1743406157436 90.4380475594493 38
1743406160583 90.50062578222779 39
1743406163646 90.50062578222779 40
1743406166762 90.60075093867334 41
1743406169871 90.56320400500626 42
1743406173011 90.81351689612015 43
1743406176140 90.83854818523153 44
1743406179258 91.17647058823529 45
1743406182363 91.02628285356695 46
1743406185517 91.00125156445557 47
1743406188670 91.36420525657071 48
1743406191809 91.3767209011264 49
1743406194960 91.25156445556946 50
1743406198123 91.47684605757198 51
1743406201286 91.53942428035043 52
1743406204449 91.66458072590738 53
1743406207572 91.45181476846057 54
1743406210718 91.48936170212765 55
1743406213887 91.83979974968712 56
1743406217047 91.6145181476846 57
1743406220144 91.97747183979975 58
1743406223262 92.05256570713391 59
1743406226380 91.76470588235294 60
1743406229498 92.14017521902377 61
1743406232587 91.80225281602003 62
1743406235688 91.96495619524406 63
1743406238782 92.06508135168961 64
1743406241860 92.16520650813517 65
1743406244968 92.19023779724655 66
1743406248093 92.24030037546935 67
1743406251192 92.29036295369212 68
1743406254320 92.21526908635795 69
1743406257388 92.3529411764706 70
1743406260548 92.36545682102629 71
1743406263682 92.41551939924906 72
1743406266810 92.22778473091364 73
1743406269967 92.52816020025031 74
1743406273135 92.41551939924906 75
1743406276279 92.57822277847309 76
1743406279379 92.45306633291615 77
1743406282446 92.47809762202753 78
1743406285508 92.64080100125156 79
1743406288600 92.44055068836045 80
1743406291699 92.84105131414267 81
1743406294789 92.69086357947435 82
1743406297912 92.70337922403003 83
1743406301042 92.65331664580727 84
1743406304197 92.69086357947435 85
1743406307361 92.7784730913642 86
1743406310449 92.65331664580727 87
1743406313543 92.85356695869838 88
1743406316624 92.82853566958698 89
1743406319750 92.85356695869838 90
1743406322844 92.72841051314143 91
1743406325921 92.74092615769712 92
1743406329033 92.82853566958698 93
1743406332159 92.84105131414267 94
1743406335333 93.10387984981226 95
1743406338477 93.27909887359199 96
1743406341628 93.14142678347935 97
1743406344755 93.09136420525657 98
1743406347827 92.8035043804756 99
1743406350997 93.10387984981226 100
