1743354823003 71.87875 1
1743354830891 72.51125 2
1743354838181 72.98875 3
1743354845525 73.39125 4
1743354852755 73.81875 5
1743354859569 74.24374999999999 6
1743354866629 74.45625 7
1743354873920 74.79124999999999 8
1743354881074 74.99625 9
1743354888110 75.24125000000001 10
1743354895044 75.43625 11
1743354902402 75.58500000000001 12
1743354909718 75.68 13
1743354916918 75.8 14
1743354923826 75.9175 15
1743354931185 75.97874999999999 16
1743354939046 76.06375 17
1743354946074 76.11875 18
1743354953241 76.29375 19
1743354960442 76.3375 20
1743354968129 76.4475 21
1743354976050 76.485 22
1743354983310 76.53999999999999 23
1743354989857 76.6125 24
1743354996628 76.615 25
1743355003189 76.62625 26
1743355009721 76.72250000000001 27
1743355016473 76.7775 28
1743355023034 76.8375 29
1743355029545 76.82124999999999 30
1743355036860 76.88874999999999 31
1743355044032 76.9325 32
1743355050859 76.96625 33
1743355057529 76.98625 34
1743355065174 77.03750000000001 35
1743355072637 77.02875 36
1743355079837 77.07625 37
1743355087055 77.125 38
1743355094409 77.11625 39
1743355101572 77.11125 40
1743355108815 77.1575 41
1743355116155 77.23625 42
1743355122865 77.25625000000001 43
1743355129772 77.235 44
1743355136463 77.2275 45
1743355143505 77.28625 46
1743355150113 77.24125 47
1743355156884 77.35625 48
1743355164230 77.33 49
1743355170626 77.33875 50
1743355177307 77.39875 51
1743355183856 77.40875 52
1743355190678 77.37 53
1743355197415 77.52375 54
1743355204196 77.39125 55
1743355211069 77.43124999999999 56
1743355217993 77.45625000000001 57
1743355224820 77.49125 58
1743355231876 77.5625 59
1743355238712 77.54875 60
1743355245502 77.48625 61
1743355252501 77.52624999999999 62
1743355259439 77.6125 63
1743355266031 77.6275 64
1743355272691 77.64750000000001 65
1743355278880 77.60375 66
1743355285721 77.6375 67
1743355292410 77.66125000000001 68
1743355298918 77.60875 69
1743355305191 77.66 70
1743355311607 77.59625 71
1743355318174 77.64625000000001 72
1743355324864 77.7025 73
1743355331264 77.73 74
1743355338016 77.6875 75
1743355345221 77.68125 76
1743355352227 77.73625 77
1743355358786 77.78875 78
1743355365462 77.66625 79
1743355372044 77.70625 80
1743355378970 77.73 81
1743355385700 77.7425 82
1743355392363 77.7875 83
1743355398701 77.79125 84
1743355405018 77.81875000000001 85
1743355411677 77.7425 86
1743355418075 77.825 87
1743355424786 77.835 88
1743355431435 77.835 89
1743355438236 77.775 90
1743355444862 77.86125 91
1743355451544 77.87375 92
1743355458846 77.8375 93
1743355465811 77.87125 94
1743355472072 77.8425 95
1743355478947 77.8525 96
1743355485785 77.9525 97
1743355492596 77.8675 98
1743355499201 77.85125000000001 99
1743355506242 77.9375 100
