1742991351646 72.18875 1
1742991360298 72.6325 2
1742991368852 73.05 3
1742991377352 73.64874999999999 4
1742991385844 74.27625 5
1742991394315 74.81375 6
1742991402776 75.35374999999999 7
1742991411109 75.78625 8
1742991419539 76.11625 9
1742991428040 76.5025 10
1742991436431 76.77875 11
1742991444739 76.9475 12
1742991453344 77.21124999999999 13
1742991461737 77.51 14
1742991470215 77.65125 15
1742991478534 77.84625 16
1742991486999 77.96375 17
1742991495561 78.08625 18
1742991504020 78.255 19
1742991512199 78.4125 20
1742991520505 78.5575 21
1742991529005 78.57 22
1742991537222 78.72749999999999 23
1742991545405 78.82249999999999 24
1742991553580 78.82249999999999 25
1742991562107 78.91125 26
1742991570631 79.025 27
1742991578852 79.0925 28
1742991587285 79.1825 29
1742991595549 79.225 30
1742991603624 79.315 31
1742991611687 79.3775 32
1742991619888 79.36999999999999 33
1742991628403 79.57125 34
1742991636833 79.61125 35
1742991645164 79.54875 36
1742991653638 79.64625 37
1742991661860 79.70875 38
1742991669886 79.70625 39
1742991678266 79.74125 40
1742991686506 79.84875 41
1742991694827 79.85 42
1742991703000 79.85624999999999 43
1742991711495 79.95750000000001 44
1742991719833 79.98375 45
1742991727935 79.96875 46
1742991736158 80.0325 47
1742991744261 80.04625 48
1742991752596 80.1075 49
1742991760918 80.10249999999999 50
1742991769072 80.14875 51
1742991777272 80.21875 52
1742991785739 80.22500000000001 53
1742991794160 80.27625 54
1742991802493 80.28875 55
1742991810853 80.2325 56
1742991819238 80.43375 57
1742991827547 80.31875000000001 58
1742991836149 80.33875 59
1742991844279 80.42 60
1742991852671 80.4175 61
1742991860878 80.45375 62
1742991869360 80.5075 63
1742991877575 80.4975 64
1742991885911 80.50625 65
1742991894122 80.5275 66
1742991902148 80.61 67
1742991910171 80.57125 68
1742991918477 80.57875 69
1742991926639 80.635 70
1742991934923 80.65 71
1742991943524 80.64375 72
1742991952146 80.68125 73
1742991960098 80.73375 74
1742991967381 80.67999999999999 75
1742991975188 80.7475 76
1742991984035 80.76625 77
1742991992375 80.66250000000001 78
1742992000772 80.87124999999999 79
1742992009084 80.86125 80
1742992017506 80.83125 81
1742992025780 80.75125 82
1742992033915 80.88625 83
1742992042187 80.8425 84
1742992050555 80.89 85
1742992058662 80.85875 86
1742992067096 81.0125 87
1742992075509 80.95625 88
1742992083862 81.025 89
1742992091959 80.97625000000001 90
1742992100209 81.05125 91
1742992109287 81.00625000000001 92
1742992118240 80.97999999999999 93
1742992126926 80.97625000000001 94
1742992135136 81.01875 95
1742992143533 81.0925 96
1742992151739 81.04124999999999 97
1742992159767 81.07875 98
1742992168209 81.08 99
1742992176483 81.105 100
