1742886969547 71.78125 1
1742886971004 72.53500000000001 2
1742886972362 72.95 3
1742886973814 73.41375 4
1742886975197 73.97125 5
1742886976646 74.5 6
1742886978115 74.95 7
1742886979505 75.54875 8
1742886980877 76.24875 9
1742886982275 76.7675 10
1742886983647 77.3475 11
1742886985037 77.8175 12
1742886986497 78.60875 13
1742886987840 78.9625 14
1742886989191 79.455 15
1742886990649 80.1975 16
1742886992018 80.59125 17
1742886993371 81.35875 18
1742886994794 81.77499999999999 19
1742886996121 82.185 20
1742886997462 82.61125 21
1742886998883 83.175 22
1742887000207 83.61 23
1742887001531 83.94 24
1742887002958 84.47875 25
1742887004297 84.80499999999999 26
1742887005622 84.7525 27
1742887007038 85.38375 28
1742887008364 85.80125 29
1742887009688 86.395 30
1742887011120 86.6175 31
1742887012447 87.015 32
1742887013773 87.2025 33
1742887015212 86.19250000000001 34
1742887016543 86.97125 35
1742887017863 87.41125 36
1742887019270 87.49625 37
1742887020629 87.62375 38
1742887021962 87.88125 39
1742887023397 88.51625 40
1742887024730 88.62875 41
1742887026045 89.035 42
1742887027456 89.50875 43
1742887028792 89.19624999999999 44
1742887030125 89.64375 45
1742887031522 89.50125 46
1742887032819 90.02875 47
1742887034104 89.8875 48
1742887035524 89.8125 49
1742887036848 90.66 50
1742887038201 90.71625 51
1742887039599 90.64625 52
1742887040931 90.19125 53
1742887042256 91.12125 54
1742887043698 91.27499999999999 55
1742887045041 91.59875 56
1742887046368 91.03375 57
1742887047812 91.29875 58
1742887049117 91.745 59
1742887050410 91.57375 60
1742887051811 91.8125 61
1742887053137 91.565 62
1742887054455 91.69375 63
1742887055858 91.10625 64
1742887057179 90.90625 65
1742887058525 91.81625 66
1742887059950 92.28 67
1742887061267 92.33375000000001 68
1742887062581 92.65625 69
1742887063972 92.2475 70
1742887065283 92.2825 71
1742887066597 92.41375 72
1742887068022 92.58375 73
1742887069361 92.57625 74
1742887070703 92.55250000000001 75
1742887072105 92.66624999999999 76
1742887073442 93.28875 77
1742887074739 92.39874999999999 78
1742887076182 91.15875 79
1742887077548 92.78999999999999 80
1742887078867 93.03625 81
1742887080290 93.325 82
1742887081610 93.1225 83
1742887082930 93.06750000000001 84
1742887084369 92.95750000000001 85
1742887085701 93.40375 86
1742887087019 93.0175 87
1742887088436 92.44125 88
1742887089758 92.62375 89
1742887091103 93.4025 90
1742887092564 93.125 91
1742887093896 93.04875 92
1742887095226 92.12875 93
1742887096665 92.625 94
1742887097992 93.24875 95
1742887099313 93.31125 96
1742887100760 93.06875 97
1742887102090 93.35375 98
1742887103433 93.32375 99
1742887104858 93.19 100
