1743245038871 72.36749999999999 1
1743245047037 73.0825 2
1743245054105 73.82625 3
1743245061142 74.58375000000001 4
1743245067604 75.09 5
1743245074122 75.5125 6
1743245081418 75.87375 7
1743245089027 76.25874999999999 8
1743245096412 76.50125 9
1743245103378 76.8575 10
1743245110548 77.14375 11
1743245117892 77.34375 12
1743245125088 77.47 13
1743245132423 77.655 14
1743245139741 77.815 15
1743245147081 77.96625 16
1743245154165 78.0025 17
1743245161227 78.135 18
1743245168219 78.29875 19
1743245175239 78.43124999999999 20
1743245182503 78.48625 21
