1742989691242 72.1475 1
1742989699547 72.59 2
1742989707382 73.005 3
1742989715080 73.59125 4
1742989722564 74.215 5
1742989729957 74.825 6
1742989737353 75.29625 7
1742989744854 75.79875 8
1742989752085 76.20625 9
1742989759403 76.455 10
1742989766666 76.7725 11
1742989774209 76.98875 12
1742989781745 77.2375 13
1742989788956 77.4375 14
1742989796147 77.61125 15
1742989803687 77.8125 16
1742989811147 78.01375 17
1742989818631 78.13 18
1742989826017 78.35875 19
1742989833601 78.3675 20
1742989840925 78.515 21
1742989848152 78.5925 22
1742989855515 78.75750000000001 23
1742989862953 78.75625000000001 24
1742989870324 78.8475 25
1742989877666 79.0125 26
1742989885327 79.10625 27
1742989892755 79.15625 28
1742989900354 79.1875 29
1742989907722 79.35125 30
1742989915348 79.3 31
1742989922932 79.42375 32
1742989930280 79.50500000000001 33
1742989937609 79.54375 34
1742989944925 79.51375 35
1742989952526 79.62375 36
1742989960055 79.61125 37
1742989967561 79.71875 38
1742989974979 79.69000000000001 39
1742989982224 79.8775 40
1742989989848 79.8325 41
1742989997081 79.8075 42
1742990004351 79.93124999999999 43
1742990011956 79.96 44
1742990019475 79.97375 45
1742990026842 79.98375 46
1742990034387 80.14750000000001 47
1742990041737 80.155 48
1742990049082 80.10374999999999 49
1742990056420 80.17125 50
1742990064080 80.22 51
1742990071769 80.19375 52
1742990079544 80.24125 53
1742990086754 80.215 54
1742990093817 80.315 55
1742990101034 80.25875 56
1742990108415 80.31 57
1742990115669 80.375 58
1742990122851 80.36375 59
1742990130195 80.47 60
1742990137682 80.45625 61
1742990145184 80.51125 62
1742990152176 80.45125 63
1742990159219 80.47 64
1742990166510 80.5225 65
1742990173725 80.4725 66
1742990181077 80.64875 67
1742990188594 80.60625 68
1742990195882 80.57 69
1742990203010 80.705 70
1742990210554 80.75125 71
1742990217808 80.5475 72
1742990225160 80.7225 73
1742990232182 80.72625 74
1742990239395 80.73625 75
1742990246752 80.68375 76
1742990254130 80.78625000000001 77
1742990261134 80.77375 78
1742990268371 80.805 79
1742990275669 80.7625 80
1742990282897 80.9125 81
1742990290301 80.8425 82
1742990297705 80.82375 83
1742990305244 80.86125 84
1742990312809 80.8575 85
1742990320055 80.875 86
1742990327451 80.88499999999999 87
1742990334586 80.93875 88
1742990342002 80.96625 89
1742990349280 80.94749999999999 90
1742990356520 80.95 91
1742990364058 80.96375 92
1742990371530 80.96375 93
1742990378949 80.99875 94
1742990386151 81.03 95
1742990393535 81.0075 96
1742990400861 81.08375 97
1742990408355 81.08125000000001 98
1742990415848 81.15375 99
1742990423173 81.09625 100
