1742887334410 72.17875000000001 1
1742887336602 72.78125 2
1742887338792 73.33375 3
1742887340878 73.91624999999999 4
1742887343007 74.71 5
1742887345071 75.25625000000001 6
1742887347156 75.88625 7
1742887349275 76.50875 8
1742887351335 76.96 9
1742887353322 77.66 10
1742887355186 78.22375000000001 11
1742887357338 78.61875 12
1742887359488 78.935 13
1742887361479 79.54875 14
1742887363611 80.0575 15
1742887365639 80.33125 16
1742887367509 81.00375 17
1742887369357 81.35625 18
1742887371138 81.53625 19
1742887373010 82.10625 20
1742887374878 82.51625 21
1742887376961 82.67625 22
1742887378961 82.89625000000001 23
1742887380965 83.135 24
1742887382903 83.695 25
1742887384842 83.76375 26
1742887386796 83.76249999999999 27
1742887388723 84.22625000000001 28
1742887390746 84.62625 29
1742887392870 84.83625 30
1742887394913 85.0325 31
1742887396921 85.115 32
1742887399175 85.3275 33
1742887401979 85.32625 34
1742887403969 85.81125 35
1742887406095 85.90625 36
1742887408153 86.02374999999999 37
1742887410146 85.9225 38
1742887412079 86.24374999999999 39
1742887413881 86.31625000000001 40
1742887415678 86.52125000000001 41
1742887417473 85.67625 42
1742887419164 86.04625 43
1742887420967 86.3725 44
1742887422757 86.93125 45
1742887424554 87.12 46
1742887426336 86.955 47
1742887428138 87.36874999999999 48
1742887429812 87.49249999999999 49
1742887431492 87.3925 50
1742887433168 87.09 51
1742887434999 87.1625 52
1742887436988 87.18249999999999 53
1742887439055 87.14874999999999 54
1742887441267 87.45375 55
1742887443324 86.66625 56
1742887445425 87.7125 57
1742887447434 87.92875 58
1742887449426 87.8625 59
1742887451300 87.9175 60
1742887453277 88.145 61
1742887455197 88.05875 62
1742887457228 87.935 63
1742887459543 88.5575 64
1742887462076 88.37 65
1742887464316 88.5275 66
1742887466307 88.51375 67
1742887468081 88.58625 68
1742887470020 88.85125000000001 69
1742887472229 88.79875 70
1742887474240 88.61625 71
1742887476147 88.69624999999999 72
1742887478107 88.73124999999999 73
1742887480081 88.47874999999999 74
1742887482050 88.3225 75
1742887484022 88.63125 76
1742887485957 88.65875 77
1742887488010 88.58500000000001 78
1742887490257 88.6725 79
1742887492398 88.85875 80
1742887494559 89.0775 81
1742887496729 88.26 82
1742887498945 88.8575 83
1742887500889 88.815 84
1742887502942 89.02624999999999 85
1742887504885 89.3375 86
1742887506964 88.89875 87
1742887509034 88.96875 88
1742887511122 89.58 89
1742887513191 89.07125 90
1742887515196 89.305 91
1742887517263 89.385 92
1742887519296 89.5 93
1742887521562 89.30125 94
1742887523556 89.18875 95
1742887525616 89.59375 96
1742887527715 89.79875 97
1742887529759 89.36874999999999 98
1742887531665 89.48625 99
1742887533530 89.6925 100
