1743406594797 72.0775969962453 1
1743406598434 72.21526908635795 2
1743406601630 72.21526908635795 3
1743406604761 72.21526908635795 4
1743406607900 72.21526908635795 5
1743406611106 72.21526908635795 6
1743406614670 72.24030037546933 7
1743406618097 72.37797246558198 8
1743406621503 72.51564455569462 9
1743406624893 73.07884856070088 10
1743406628277 73.52941176470588 11
1743406631716 74.55569461827284 12
1743406635142 76.12015018773467 13
1743406638473 78.63579474342929 14
1743406641841 80.36295369211514 15
1743406645239 82.21526908635795 16
1743406648607 83.09136420525657 17
1743406651958 84.45556946182728 18
1743406655363 85.63204005006257 19
1743406658751 86.34543178973718 20
1743406662078 87.34668335419275 21
1743406665430 87.70963704630789 22
1743406668828 87.85982478097623 23
1743406672238 88.5982478097622 24
1743406675563 89.21151439299125 25
1743406678892 89.43679599499374 26
1743406682253 90.10012515644556 27
1743406685658 90.12515644555694 28
1743406689019 90.60075093867334 29
1743406692376 90.63829787234042 30
1743406695736 90.80100125156446 31
1743406699170 91.03879849812266 32
1743406702540 91.66458072590738 33
1743406705936 91.32665832290363 34
1743406709320 91.90237797246557 35
1743406712689 92.26533166458073 36
1743406716040 92.27784730913642 37
1743406719408 92.34042553191489 38
1743406722844 92.10262828535669 39
1743406726238 92.50312891113892 40
1743406729618 92.67834793491865 41
1743406732919 92.87859824780976 42
1743406736293 92.99123904881101 43
1743406739663 93.32916145181477 44
1743406742787 92.99123904881101 45
1743406745879 93.22903629536921 46
1743406749076 93.14142678347935 47
1743406752225 93.45431789737172 48
1743406755357 93.29161451814768 49
1743406758507 93.45431789737172 50
1743406761683 93.44180225281602 51
1743406764827 93.84230287859825 52
1743406767994 93.75469336670838 53
1743406771339 93.70463078848562 54
1743406774787 93.75469336670838 55
1743406778133 93.89236545682103 56
1743406781408 93.91739674593241 57
1743406784660 94.05506883604505 58
1743406787942 94.01752190237798 59
1743406791079 94.05506883604505 60
1743406794148 94.35544430538172 61
1743406797204 94.20525657071339 62
1743406800276 94.03003754693367 63
1743406803308 94.25531914893617 64
1743406806395 94.10513141426785 65
1743406809428 94.28035043804755 66
1743406812467 94.15519399249061 67
1743406815476 94.20525657071339 68
1743406818471 94.34292866082603 69
1743406821658 94.30538172715895 70
1743406824894 94.45556946182728 71
1743406827914 94.35544430538172 72
1743406830998 94.23028785982478 73
1743406834381 94.4180225281602 74
1743406837568 94.54317897371715 75
1743406840756 94.58072590738423 76
1743406844236 94.54317897371715 77
1743406847767 94.6558197747184 78
1743406851218 94.26783479349187 79
1743406854522 94.55569461827284 80
1743406858016 94.39299123904881 81
1743406861490 94.61827284105131 82
1743406864717 94.61827284105131 83
1743406867915 94.84355444305382 84
1743406871076 94.74342928660826 85
1743406874261 94.69336670838548 86
1743406877491 94.83103879849813 87
1743406880704 94.76846057571964 88
1743406883865 94.78097622027535 89
1743406886987 94.86858573216522 90
1743406890137 94.8811013767209 91
1743406893207 94.80600750938673 92
1743406896381 94.918648310388 93
1743406899493 94.98122653316646 94
1743406902556 94.98122653316646 95
1743406905649 94.93116395494367 96
1743406908724 94.8936170212766 97
1743406911805 94.84355444305382 98
1743406914881 94.79349186483104 99
1743406918074 94.94367959949938 100
