1743007528893 72.1625 1
1743007537540 72.65 2
1743007545660 73.07875 3
1743007553369 73.61999999999999 4
1743007561232 74.325 5
1743007569053 74.8925 6
1743007576980 75.445 7
1743007584639 75.7725 8
1743007592248 76.1225 9
1743007600244 76.465 10
1743007607938 76.8125 11
1743007615719 76.9975 12
1743007623495 77.2875 13
1743007631277 77.4825 14
1743007639003 77.7375 15
1743007646712 77.82375 16
1743007654337 77.97500000000001 17
1743007662203 78.125 18
1743007670071 78.14875 19
1743007677415 78.36125 20
1743007685364 78.53875000000001 21
1743007692944 78.5125 22
1743007700496 78.67875 23
1743007708478 78.76375 24
1743007716048 78.8775 25
1743007723610 78.97874999999999 26
1743007731182 79.025 27
1743007738987 79.12875 28
1743007746990 79.19625 29
1743007754777 79.33875 30
1743007762672 79.3175 31
1743007770271 79.38125000000001 32
1743007778189 79.46 33
1743007785963 79.44250000000001 34
1743007793954 79.635 35
1743007801945 79.67625000000001 36
1743007809727 79.6725 37
1743007817245 79.69375 38
1743007824996 79.72875 39
1743007832609 79.79875 40
1743007840325 79.87875 41
1743007848336 79.825 42
1743007856024 80.07625 43
1743007863559 79.95750000000001 44
1743007871279 79.99125000000001 45
1743007879279 80.0 46
1743007886926 80.02 47
1743007894758 80.12625 48
1743007902702 80.1775 49
1743007910322 80.15375 50
1743007918270 80.21125 51
1743007926021 80.175 52
1743007933727 80.2625 53
1743007941541 80.255 54
1743007949473 80.28 55
1743007957386 80.345 56
1743007965362 80.32125 57
1743007973053 80.41 58
1743007981030 80.45875 59
1743007988968 80.39375 60
1743007996530 80.47375 61
1743008004322 80.44 62
1743008012237 80.47 63
1743008020031 80.50874999999999 64
1743008027939 80.54625 65
1743008035475 80.50375 66
1743008043120 80.63 67
1743008050808 80.66499999999999 68
1743008058703 80.575 69
1743008066535 80.67 70
1743008074526 80.565 71
1743008082294 80.70125 72
1743008090061 80.645 73
1743008097688 80.78999999999999 74
1743008105504 80.77499999999999 75
1743008113325 80.7875 76
1743008121118 80.77 77
1743008129067 80.78 78
1743008136603 80.76625 79
1743008144254 80.76875 80
1743008151883 80.8675 81
1743008159236 80.8425 82
1743008166564 80.92625 83
1743008173844 80.91000000000001 84
1743008181138 80.90875 85
1743008188459 80.905 86
1743008195645 80.9425 87
1743008202733 80.92875000000001 88
1743008209673 80.96124999999999 89
1743008216939 80.9675 90
1743008224245 80.99 91
1743008231561 80.98875 92
1743008238511 80.99499999999999 93
1743008245836 80.985 94
1743008253146 81.04 95
1743008260436 81.05499999999999 96
1743008267399 81.05 97
1743008275109 81.0075 98
1743008282554 81.04625 99
1743008290287 81.085 100
