1742887620414 72.165 1
1742887626143 72.7 2
1742887631348 73.42625000000001 3
1742887636593 74.27625 4
1742887641793 74.98375 5
1742887647382 75.61 6
1742887652855 76.24625 7
1742887658505 76.97874999999999 8
1742887664047 77.48625 9
1742887669818 78.10249999999999 10
1742887675747 78.58625 11
1742887681668 79.0625 12
1742887687257 79.6225 13
1742887692751 79.89500000000001 14
1742887697811 80.37625 15
1742887703444 80.71000000000001 16
1742887708878 81.07875 17
1742887713985 81.52875 18
1742887719528 81.80875 19
1742887725165 82.23375 20
1742887730598 82.51375 21
1742887736053 82.86375 22
1742887741688 83.1825 23
1742887747160 83.1575 24
1742887752781 83.7175 25
1742887758220 83.94875 26
1742887763798 84.10499999999999 27
1742887769208 84.475 28
1742887774662 84.775 29
1742887779858 84.87 30
1742887785191 85.2275 31
1742887790612 85.2625 32
1742887795819 85.36500000000001 33
1742887801040 85.7525 34
1742887806217 85.835 35
1742887811485 85.94625 36
1742887817067 86.115 37
1742887822671 86.20625 38
1742887828031 86.35374999999999 39
1742887833290 86.2375 40
1742887838635 86.55375 41
1742887844067 86.885 42
1742887849099 86.8825 43
1742887854323 87.00625 44
1742887859611 87.075 45
1742887865159 87.12375 46
1742887870484 87.22375 47
1742887875768 87.30250000000001 48
1742887881353 87.46125 49
1742887886970 87.42875 50
1742887892407 87.6575 51
1742887897672 87.605 52
1742887903064 87.72 53
1742887908580 87.685 54
1742887913942 87.95625 55
1742887919119 88.07875 56
1742887924342 88.00750000000001 57
1742887929975 88.08375000000001 58
1742887935527 87.90375 59
1742887940793 88.0925 60
1742887946222 88.26375 61
1742887951506 88.33875 62
1742887956864 88.38375 63
1742887962342 88.29375 64
1742887967721 88.49875 65
1742887973092 88.58 66
1742887978606 88.64 67
1742887983874 88.44375 68
1742887989373 88.45875 69
1742887994972 88.74875 70
1742888000477 88.795 71
1742888005517 88.7125 72
1742888011078 88.7 73
1742888016594 88.80749999999999 74
1742888022020 88.88374999999999 75
1742888027568 89.03125 76
1742888032913 88.765 77
1742888038376 89.09625 78
1742888043990 89.14999999999999 79
1742888049459 88.95875 80
1742888055045 89.13375 81
1742888060215 89.21249999999999 82
1742888065413 89.21875 83
1742888070446 89.08500000000001 84
1742888076029 89.03125 85
1742888081591 89.13875 86
1742888086990 89.31125 87
1742888092342 89.325 88
1742888097882 89.41624999999999 89
1742888103127 89.24375 90
1742888108694 89.49625 91
1742888114155 89.41 92
1742888120057 89.28875 93
1742888125399 89.62 94
1742888130905 89.5525 95
1742888136786 89.69125 96
1742888142498 89.19 97
1742888147966 89.53875 98
1742888153243 89.66375 99
1742888158582 89.27875 100
