1743255709980 71.905 1
1743255717184 71.92125 2
1743255723841 72.0125 3
1743255730981 72.06375 4
1743255737710 72.14625 5
1743255744601 72.15125 6
1743255751551 72.17875000000001 7
1743255758387 72.30625 8
1743255764740 72.24875 9
1743255771415 72.295 10
1743255777879 72.315 11
1743255784337 72.32125 12
1743255791219 72.3425 13
1743255797783 72.345 14
1743255804636 72.405 15
1743255811373 72.38 16
1743255817972 72.39125 17
1743255824502 72.40875 18
1743255831359 72.43 19
1743255837981 72.41499999999999 20
1743255844617 72.45625 21
1743255851197 72.38375 22
1743255857752 72.39375 23
1743255864481 72.4925 24
1743255870908 72.42 25
1743255877499 72.425 26
1743255884071 72.43375 27
1743255890428 72.4325 28
1743255897090 72.46875 29
1743255903824 72.51875 30
1743255910299 72.53 31
1743255916999 72.47 32
1743255923847 72.4675 33
1743255930581 72.46375 34
1743255937285 72.4825 35
1743255944044 72.50375 36
1743255950797 72.46000000000001 37
1743255957453 72.425 38
1743255964176 72.50750000000001 39
1743255970853 72.4975 40
1743255977570 72.465 41
1743255984357 72.52125000000001 42
1743255990723 72.50625000000001 43
1743255997261 72.53500000000001 44
1743256003982 72.45125 45
1743256010731 72.48875 46
1743256017397 72.4975 47
1743256024125 72.54625 48
1743256030829 72.54875 49
1743256037477 72.51125 50
1743256044037 72.5275 51
1743256050479 72.5 52
1743256057049 72.4925 53
1743256063567 72.54875 54
1743256069875 72.505 55
1743256076441 72.5425 56
1743256083251 72.55375 57
1743256089981 72.58 58
1743256096652 72.49624999999999 59
1743256103078 72.5275 60
1743256109884 72.53875 61
1743256116155 72.5375 62
1743256122844 72.4975 63
1743256129614 72.54125 64
1743256136209 72.52875 65
1743256142898 72.56 66
1743256149662 72.55375 67
1743256156353 72.55749999999999 68
