1742888173488 72.225 1
1742888179178 72.675 2
1742888184846 73.15 3
1742888190485 73.75375 4
1742888196157 74.44125 5
1742888202130 74.95625 6
1742888208251 75.71 7
1742888213642 76.25999999999999 8
1742888218775 76.82124999999999 9
1742888223769 77.45375 10
1742888229270 78.03375 11
1742888234524 78.41749999999999 12
1742888239494 78.83125 13
1742888244085 79.175 14
1742888249246 79.71625 15
1742888254528 79.90375 16
1742888259104 80.25125 17
1742888263807 80.52 18
1742888268292 81.03 19
1742888272898 81.18625 20
1742888278377 81.7775 21
1742888283729 81.94624999999999 22
1742888289327 82.29625 23
1742888294804 82.635 24
1742888300031 82.72375 25
1742888305028 83.2 26
1742888309714 83.435 27
1742888314383 83.5625 28
1742888319004 83.72749999999999 29
1742888323637 84.0025 30
1742888328866 84.31125 31
1742888334007 84.5475 32
1742888339067 84.57625 33
1742888344153 84.97625 34
1742888349179 84.96375 35
1742888354237 84.9675 36
1742888359838 85.29124999999999 37
1742888364907 85.26625 38
1742888370558 85.53625 39
1742888376153 85.59750000000001 40
1742888381219 85.85875 41
1742888386284 85.91 42
1742888391266 86.11125 43
1742888396147 86.2375 44
1742888401321 86.28 45
1742888406477 86.14125 46
1742888411762 86.10125 47
1742888416668 86.615 48
1742888421618 86.80250000000001 49
1742888426193 86.51375 50
1742888430606 86.96000000000001 51
1742888435704 87.10875 52
1742888440700 86.91624999999999 53
1742888445451 87.13125000000001 54
1742888450472 87.33 55
1742888455723 86.87625 56
1742888461116 87.45 57
1742888466821 87.00750000000001 58
1742888471653 87.43125 59
1742888476786 87.395 60
1742888481944 87.805 61
1742888486611 87.91375000000001 62
1742888491790 87.3475 63
1742888496669 87.91 64
1742888501827 87.67125 65
1742888506991 87.8275 66
1742888512174 88.0325 67
1742888517172 87.95875 68
1742888522539 87.99125 69
1742888527666 88.12875 70
1742888532506 88.03875 71
1742888537256 87.885 72
1742888542961 88.275 73
1742888548211 88.03875 74
1742888553658 88.48 75
1742888559230 88.4675 76
1742888564691 88.50875 77
1742888570635 88.52875 78
1742888576029 88.29625 79
1742888581368 88.70875000000001 80
1742888586704 88.6525 81
1742888591420 88.5525 82
1742888596230 88.82124999999999 83
1742888600926 88.80375000000001 84
1742888606180 88.61 85
1742888611448 88.9175 86
1742888616322 88.90375 87
1742888622000 88.76625 88
1742888627439 89.1225 89
1742888632443 88.6925 90
1742888637725 89.11875 91
1742888642916 89.0175 92
1742888648173 88.655 93
1742888653270 89.0575 94
1742888657973 88.58375000000001 95
1742888663283 89.34125 96
1742888668402 88.86500000000001 97
1742888673101 89.18625 98
1742888678118 88.98 99
1742888683277 88.91125 100
