1743282455327 71.8875 1
1743282463186 72.16625 2
1743282470286 72.77749999999999 3
1743282477559 73.25874999999999 4
1743282484686 73.58749999999999 5
1743282491995 73.9225 6
1743282499243 74.1 7
1743282506560 74.34125 8
1743282513661 74.61625 9
1743282520988 74.7425 10
1743282528143 75.0625 11
1743282535403 75.23875 12
1743282542365 75.40375 13
1743282549459 75.57625 14
1743282556705 75.67375 15
1743282563834 75.76625 16
1743282571067 75.9675 17
1743282578205 75.96875 18
1743282585113 76.1925 19
1743282592399 76.215 20
1743282599634 76.29 21
1743282606972 76.4 22
1743282614077 76.50375 23
1743282621243 76.64 24
1743282628432 76.65875 25
1743282635418 76.73375 26
1743282642547 76.8 27
1743282649618 76.85375 28
1743282656468 76.8375 29
1743282663412 76.94875 30
1743282670387 77.04124999999999 31
1743282677709 77.12625 32
1743282685014 77.09875000000001 33
1743282692196 77.13250000000001 34
1743282699509 77.23375 35
1743282706680 77.30875 36
1743282714021 77.36874999999999 37
1743282721150 77.37625 38
1743282728384 77.47500000000001 39
1743282735536 77.45125 40
1743282742675 77.50125 41
1743282749920 77.55 42
1743282757172 77.545 43
1743282764300 77.61 44
1743282771593 77.68125 45
1743282778670 77.7175 46
1743282786195 77.67625 47
1743282793673 77.775 48
1743282800916 77.77374999999999 49
1743282807880 77.7675 50
