1743247813170 72.21125 1
1743247821844 72.59625 2
1743247830278 72.85249999999999 3
1743247838808 73.33625 4
1743247846683 73.685 5
1743247855063 74.08624999999999 6
1743247863246 74.2975 7
1743247871544 74.40124999999999 8
1743247879807 74.7025 9
1743247887836 74.77875 10
1743247895760 74.93875 11
1743247903816 75.0 12
1743247911823 75.07374999999999 13
1743247919739 75.22875 14
1743247927714 75.26625 15
1743247935246 75.335 16
1743247943000 75.35875 17
1743247950949 75.49125 18
1743247959305 75.5125 19
1743247967326 75.67125 20
1743247975411 75.62625 21
1743247983141 75.72125 22
1743247991153 75.86749999999999 23
1743247999311 75.87625 24
1743248007328 75.9475 25
1743248015201 75.99000000000001 26
1743248023106 76.06 27
1743248031022 76.0975 28
1743248039043 76.13 29
1743248046864 76.30624999999999 30
1743248054783 76.23625000000001 31
1743248062294 76.31875000000001 32
1743248070223 76.27625 33
1743248078139 76.2825 34
1743248086189 76.425 35
1743248094093 76.39125 36
1743248101695 76.38000000000001 37
1743248109461 76.4875 38
1743248117410 76.5625 39
1743248125217 76.66625 40
1743248133105 76.715 41
1743248141188 76.74875 42
1743248149081 76.7275 43
1743248156949 76.79 44
1743248164958 76.83875 45
1743248172960 76.85499999999999 46
1743248180913 76.8725 47
1743248188802 76.9625 48
1743248196319 76.885 49
1743248204087 76.83125 50
1743248211887 77.00375000000001 51
1743248219609 77.01750000000001 52
1743248227491 77.0925 53
1743248235145 76.99249999999999 54
1743248242889 77.07000000000001 55
1743248250696 76.99249999999999 56
1743248258635 77.07374999999999 57
1743248266641 77.17500000000001 58
1743248274524 77.03875 59
1743248282206 77.22625 60
1743248290105 77.24 61
1743248297957 77.26375 62
1743248305863 77.2625 63
1743248313775 77.23875 64
1743248321599 77.24375 65
1743248329410 77.26875 66
1743248337287 77.25999999999999 67
1743248345176 77.35499999999999 68
1743248353152 77.365 69
1743248360968 77.41 70
1743248368824 77.39375 71
1743248376357 77.3125 72
1743248384041 77.45625000000001 73
1743248391731 77.3675 74
1743248399439 77.45625000000001 75
1743248407437 77.425 76
1743248415196 77.51249999999999 77
1743248423049 77.51375 78
1743248430939 77.42375 79
1743248438552 77.51125 80
1743248446333 77.4875 81
1743248453923 77.34625000000001 82
1743248461810 77.57125 83
1743248469444 77.53625 84
1743248477096 77.67625 85
1743248484776 77.615 86
1743248492522 77.55250000000001 87
1743248500544 77.56 88
1743248508524 77.505 89
1743248516602 77.69 90
1743248524417 77.615 91
1743248532398 77.63 92
1743248540348 77.7 93
1743248548039 77.7025 94
1743248555895 77.73875 95
1743248563499 77.6775 96
1743248571140 77.61749999999999 97
1743248578754 77.77 98
1743248586636 77.62875 99
1743248594594 77.6775 100
1743248602639 77.7825 101
1743248610129 77.76375 102
1743248617463 77.79125 103
1743248624856 77.875 104
1743248632189 77.66125000000001 105
1743248639258 77.83875 106
1743248646206 77.845 107
1743248653072 77.83 108
1743248660325 77.8175 109
1743248667127 77.88875 110
1743248674174 77.95 111
1743248681259 77.94375 112
1743248688188 77.8925 113
1743248695140 77.86 114
1743248702381 77.945 115
1743248709510 77.97625000000001 116
1743248716823 77.96375 117
1743248723635 78.02125 118
1743248730880 77.9375 119
1743248738113 77.97625000000001 120
1743248744869 77.9525 121
1743248751617 78.00875 122
1743248758347 77.97625000000001 123
1743248765073 77.9625 124
1743248772251 78.04625 125
1743248779518 77.885 126
1743248786536 78.035 127
1743248793275 77.98625 128
1743248800565 78.06125 129
1743248807267 78.0675 130
1743248814420 77.97625000000001 131
1743248821781 78.11625 132
1743248829031 78.03375 133
1743248836331 78.175 134
1743248843649 78.04375 135
1743248850906 78.15375 136
1743248858175 78.1875 137
1743248865459 78.08375 138
1743248872735 78.1425 139
1743248879508 78.15375 140
1743248886492 78.0575 141
1743248893634 78.23 142
1743248900342 78.17375 143
1743248907564 78.21875 144
1743248914500 78.10875 145
1743248921360 78.14750000000001 146
1743248928213 78.10875 147
1743248934996 78.175 148
1743248941752 78.21000000000001 149
1743248948860 78.27625 150
1743248956126 78.18375 151
1743248963403 78.1675 152
1743248970623 78.16375 153
1743248977885 78.305 154
1743248984991 78.19874999999999 155
1743248992021 78.1925 156
1743248999207 78.2425 157
1743249006491 78.25375 158
1743249013746 78.23750000000001 159
1743249020743 78.20125 160
1743249027982 78.27499999999999 161
1743249035208 78.39375 162
1743249042487 78.21375 163
1743249049635 78.38875 164
1743249056672 78.31625 165
1743249063866 78.3725 166
1743249070731 78.39874999999999 167
1743249077527 78.25999999999999 168
1743249084294 78.37875 169
1743249091395 78.38374999999999 170
1743249098366 78.31875000000001 171
1743249105249 78.13125 172
1743249112512 78.2775 173
1743249119701 78.37375 174
1743249126814 78.4575 175
1743249133984 78.32124999999999 176
1743249141244 78.27 177
1743249148501 78.3875 178
1743249155734 78.335 179
1743249162463 78.345 180
1743249169685 78.31375 181
1743249176946 78.42125 182
1743249183814 78.46 183
1743249190932 78.47625000000001 184
1743249198077 78.52749999999999 185
1743249205037 78.46499999999999 186
1743249212262 78.42375 187
1743249219195 78.46375 188
1743249225985 78.415 189
1743249233068 78.51125 190
1743249240166 78.3875 191
1743249247106 78.4625 192
1743249254281 78.505 193
1743249261518 78.41875 194
1743249268754 78.52 195
1743249275970 78.4475 196
1743249282837 78.46125 197
1743249289569 78.57375 198
1743249296296 78.4375 199
1743249302998 78.64375 200
1743249309873 78.49625 201
1743249316607 78.52375 202
1743249323446 78.5425 203
1743249330189 78.68875 204
1743249336944 78.55 205
1743249344230 78.515 206
1743249351379 78.60000000000001 207
1743249358630 78.47874999999999 208
1743249365749 78.5825 209
1743249373028 78.63125 210
1743249380178 78.59875 211
1743249386909 78.5425 212
1743249394008 78.55875 213
1743249400942 78.44250000000001 214
1743249407839 78.77875 215
1743249415095 78.7425 216
1743249422315 78.70875000000001 217
1743249429592 78.67875 218
1743249436681 78.62125 219
1743249443912 78.6525 220
1743249451007 78.74375 221
1743249457910 78.7525 222
1743249464836 78.6275 223
1743249471732 78.76375 224
1743249478456 78.62625 225
1743249485703 78.65875 226
1743249493020 78.71625 227
1743249500201 78.645 228
1743249508189 78.78625 229
1743249516213 78.68 230
1743249524430 78.73375 231
1743249532570 78.73625 232
1743249540864 78.75999999999999 233
1743249549090 78.6775 234
1743249557128 78.69 235
1743249565061 78.70375 236
1743249572982 78.7 237
1743249580985 78.70875000000001 238
1743249588698 78.80625 239
1743249596446 78.70375 240
1743249604275 78.815 241
1743249612153 78.77875 242
1743249619743 78.69375 243
1743249627634 78.765 244
1743249635522 78.7625 245
1743249643385 78.77875 246
1743249651242 78.86999999999999 247
1743249659009 78.65375 248
1743249666828 78.80749999999999 249
1743249674488 78.84875 250
1743249682344 78.905 251
1743249690202 78.77499999999999 252
1743249698099 78.8 253
1743249705682 78.73750000000001 254
1743249713599 78.89874999999999 255
1743249721470 78.86 256
1743249729000 78.74875 257
1743249736916 78.79625 258
1743249744827 78.7225 259
1743249752581 78.765 260
1743249760499 78.84625 261
1743249768412 78.70375 262
1743249776404 78.85375 263
1743249784174 78.8725 264
1743249791982 78.82000000000001 265
1743249799832 78.7425 266
1743249807737 78.83250000000001 267
1743249815651 78.90875000000001 268
1743249823589 78.8275 269
1743249831524 78.93124999999999 270
1743249839107 78.81875000000001 271
1743249846991 78.9125 272
1743249854942 78.87875 273
1743249862796 78.87125 274
1743249870563 78.98625 275
1743249878278 78.91375000000001 276
1743249885762 78.99249999999999 277
1743249893450 78.93875 278
1743249901102 79.00500000000001 279
1743249909027 78.97625000000001 280
1743249916458 78.8425 281
1743249924414 78.69500000000001 282
1743249932224 78.88125000000001 283
1743249940135 78.9475 284
1743249948055 78.8775 285
1743249956012 78.89375 286
1743249963639 78.97375 287
1743249971267 78.9825 288
1743249979099 78.9625 289
1743249986855 78.9075 290
1743249994661 78.93875 291
1743250002095 78.97874999999999 292
1743250010035 79.00625 293
1743250017875 78.95125 294
1743250025738 78.99125000000001 295
1743250033594 79.0025 296
1743250041405 78.9375 297
1743250049293 79.0025 298
1743250057036 79.01 299
1743250064775 78.875 300
1743250072595 78.9125 301
1743250080365 79.06125 302
1743250088114 79.02875 303
1743250095463 79.0575 304
1743250103314 79.015 305
1743250111291 79.00125 306
1743250119096 78.95625 307
1743250126907 78.93 308
1743250134608 78.92875000000001 309
1743250142498 79.0475 310
1743250150448 78.95875 311
1743250157700 79.01375 312
1743250164577 79.01625 313
1743250171776 79.045 314
1743250179018 79.04375 315
1743250185977 79.04875 316
1743250193220 79.06375 317
1743250200486 79.0875 318
1743250207299 79.07625 319
1743250214474 79.045 320
1743250221622 79.07499999999999 321
1743250228489 79.0175 322
1743250235717 79.09125 323
1743250242786 78.9725 324
1743250249846 79.00875 325
1743250257115 79.14125 326
1743250264100 79.07125 327
1743250270908 79.03125 328
1743250277779 79.02875 329
1743250284889 79.17375 330
1743250292127 79.11500000000001 331
1743250299388 79.0975 332
1743250306493 79.12625 333
1743250313328 79.03375 334
1743250320449 79.12625 335
1743250327751 79.20125 336
1743250334487 79.11375000000001 337
1743250341236 79.06125 338
1743250348368 79.02749999999999 339
1743250355127 79.14875 340
1743250362310 79.105 341
1743250369386 79.05 342
1743250376163 79.0425 343
1743250383435 79.175 344
1743250390523 79.05624999999999 345
1743250397811 79.16375 346
1743250405032 79.10374999999999 347
1743250411774 79.17125 348
1743250419024 79.23625 349
1743250426280 79.15375 350
1743250433532 79.16499999999999 351
1743250440699 79.08125 352
1743250447923 78.945 353
1743250454968 79.1225 354
1743250462244 79.18875 355
1743250469078 79.11 356
1743250476356 79.16625 357
1743250483365 79.1775 358
1743250490392 79.07875 359
1743250497634 79.185 360
1743250504944 79.05624999999999 361
1743250511892 79.17625000000001 362
1743250519158 79.20375 363
1743250526414 79.14625 364
1743250533639 79.21375 365
1743250540421 79.2025 366
1743250547127 79.19 367
1743250554125 79.05875 368
1743250561102 79.16499999999999 369
1743250567891 79.15375 370
1743250574639 79.1675 371
1743250581924 79.23 372
1743250588878 79.09625 373
1743250596318 79.17999999999999 374
1743250603575 79.11375000000001 375
1743250610387 79.24 376
1743250617697 79.23875 377
1743250625017 79.20125 378
1743250631931 79.14875 379
1743250638750 79.22625 380
1743250646023 79.2975 381
1743250653060 79.19375 382
1743250659807 79.2775 383
1743250666592 79.1825 384
1743250673362 79.185 385
1743250680100 79.23125 386
1743250687362 79.215 387
1743250694704 79.17125 388
1743250701935 79.19 389
1743250708646 79.19874999999999 390
1743250715411 79.21375 391
1743250722333 79.13 392
1743250729282 79.1775 393
1743250736046 79.28625 394
1743250743135 79.25999999999999 395
1743250750026 79.19 396
1743250757223 79.19874999999999 397
1743250764570 79.18375 398
1743250771563 79.2025 399
1743250778505 79.26375 400
1743250785746 79.255 401
1743250792733 79.1975 402
1743250799953 79.24375 403
1743250807031 79.28500000000001 404
1743250814380 79.29 405
1743250821642 79.32625 406
1743250828700 79.3175 407
1743250836034 79.2975 408
1743250843056 79.37125 409
1743250849920 79.25875 410
1743250856759 79.2775 411
1743250863963 79.26625 412
1743250871053 79.25375 413
1743250878285 79.2875 414
1743250885592 79.3025 415
1743250892825 79.24624999999999 416
1743250899703 79.14999999999999 417
1743250906759 79.28875 418
1743250913505 79.37375 419
1743250920295 79.17999999999999 420
1743250927265 79.28125 421
1743250934587 79.27125000000001 422
1743250941858 79.21875 423
1743250949021 79.32625 424
1743250955946 79.30375 425
1743250963182 79.265 426
1743250970374 79.38499999999999 427
1743250977567 79.30625 428
1743250984437 79.365 429
1743250991720 79.24624999999999 430
1743250998864 79.39874999999999 431
1743251006005 79.38 432
1743251012746 79.26125 433
1743251019952 79.3625 434
1743251027045 79.16375 435
1743251034031 79.31125 436
1743251040902 79.24624999999999 437
1743251048220 79.40375 438
1743251055518 79.23875 439
1743251062743 79.24125 440
1743251069717 79.3275 441
1743251077033 79.305 442
1743251084305 79.33875 443
1743251091603 79.3 444
1743251098881 79.40875 445
1743251106222 79.32875 446
1743251113309 79.36125000000001 447
1743251120500 79.31125 448
1743251127801 79.3875 449
1743251134898 79.3575 450
1743251141799 79.32375 451
1743251148589 79.41 452
1743251155747 79.4075 453
1743251162772 79.47874999999999 454
1743251169673 79.43625 455
1743251176425 79.32375 456
1743251183334 79.3375 457
1743251190076 79.33624999999999 458
1743251196781 79.31 459
1743251203811 79.3575 460
1743251211089 79.365 461
1743251218362 79.4075 462
1743251225069 79.325 463
1743251231856 79.42625 464
1743251239249 79.31125 465
1743251246450 79.40875 466
1743251253706 79.4725 467
1743251260932 79.37875 468
1743251267990 79.38499999999999 469
1743251275160 79.3525 470
1743251282333 79.39625 471
1743251289994 79.35624999999999 472
1743251298205 79.265 473
1743251306489 79.38625 474
1743251314121 79.42375 475
1743251321621 79.43249999999999 476
1743251329702 79.41125 477
1743251337843 79.39125 478
1743251345786 79.4775 479
1743251353812 79.42125 480
1743251361919 79.40125 481
1743251369795 79.49125000000001 482
1743251377345 79.42625 483
1743251384966 79.43625 484
1743251392673 79.445 485
1743251400073 79.455 486
1743251407839 79.44125 487
1743251415264 79.47625000000001 488
1743251422713 79.47874999999999 489
1743251430365 79.4775 490
1743251437697 79.5075 491
1743251445421 79.30874999999999 492
1743251453065 79.51625 493
1743251460611 79.45750000000001 494
1743251468135 79.3825 495
1743251475735 79.4525 496
1743251483288 79.45 497
1743251490969 79.415 498
1743251498195 79.375 499
1743251506250 79.47 500
