1743058103880 72.18875 1
1743058116163 72.655 2
1743058128499 73.055 3
1743058140715 73.615 4
1743058152947 74.22875 5
1743058165147 74.775 6
1743058177229 75.34125 7
1743058189786 75.78625 8
1743058202564 76.11250000000001 9
1743058214845 76.52250000000001 10
1743058227409 76.81625 11
1743058239030 77.03375 12
1743058251328 77.2525 13
1743058263342 77.44625 14
1743058275530 77.6675 15
1743058287921 77.84375 16
1743058300332 77.99625 17
1743058312854 78.18625 18
1743058325259 78.22625 19
1743058337609 78.4075 20
1743058349963 78.53125 21
1743058361766 78.60125 22
1743058373212 78.69125 23
1743058384531 78.79125 24
1743058395979 78.9225 25
1743058407629 78.93875 26
1743058419124 79.0075 27
1743058430722 79.10125000000001 28
1743058442453 79.1825 29
1743058453738 79.31 30
1743058465138 79.32124999999999 31
1743058476248 79.42125 32
1743058487415 79.365 33
1743058498296 79.53625 34
1743058509428 79.48875 35
1743058520621 79.6075 36
1743058531963 79.5725 37
1743058543129 79.66375 38
1743058554156 79.74375 39
1743058564974 79.7875 40
1743058576079 79.88250000000001 41
1743058587408 79.88499999999999 42
1743058598803 79.85875 43
1743058610117 79.93249999999999 44
1743058621536 79.96375 45
1743058632734 79.97375 46
1743058644174 80.06625000000001 47
1743058655632 80.015 48
1743058667034 80.1125 49
1743058678284 80.1975 50
1743058689700 80.215 51
1743058700960 80.2375 52
1743058712256 80.175 53
1743058723522 80.28999999999999 54
1743058734930 80.2675 55
1743058746194 80.28 56
1743058757611 80.31375 57
1743058769015 80.30874999999999 58
1743058780967 80.365 59
1743058792347 80.4725 60
1743058803721 80.38 61
1743058815083 80.47875 62
1743058826623 80.5125 63
1743058838151 80.49875 64
1743058849306 80.55375000000001 65
1743058860626 80.6125 66
1743058871744 80.62625 67
1743058882838 80.67750000000001 68
1743058894171 80.62625 69
1743058905529 80.63 70
1743058916704 80.68125 71
1743058928112 80.63125 72
1743058939531 80.6825 73
1743058950880 80.72625 74
1743058962029 80.715 75
1743058973057 80.755 76
1743058984332 80.84375 77
1743058995697 80.8125 78
1743059007449 80.76625 79
1743059018413 80.79499999999999 80
1743059029244 80.8575 81
1743059040098 80.84125 82
1743059051247 80.90625 83
1743059062465 80.86625 84
1743059073582 80.98375 85
1743059084444 80.92375000000001 86
1743059095798 80.96875 87
1743059107201 80.95 88
1743059118074 80.9725 89
1743059129283 81.01125 90
1743059140395 81.0125 91
1743059151600 80.9625 92
1743059162517 81.02125 93
1743059174437 81.05875 94
1743059185801 81.015 95
1743059197232 81.05499999999999 96
1743059208424 81.1125 97
1743059220554 81.075 98
1743059232242 81.12125 99
1743059243908 81.075 100
