1742887151624 72.06375 1
1742887153276 72.6375 2
1742887154900 73.09375 3
1742887156553 73.81125 4
1742887158324 74.49 5
1742887160007 75.22 6
1742887161690 75.72875 7
1742887163253 76.37875 8
1742887164775 77.185 9
1742887166471 77.5175 10
1742887167996 78.095 11
1742887169548 78.45 12
1742887171084 79.0575 13
1742887172610 79.4875 14
1742887174174 79.85624999999999 15
1742887175864 80.34750000000001 16
1742887177463 80.68125 17
1742887179044 80.7875 18
1742887180634 81.265 19
1742887182216 81.54625 20
1742887183907 82.205 21
1742887185480 82.55749999999999 22
1742887187031 82.80125000000001 23
1742887188562 83.2775 24
1742887190135 83.0225 25
1742887191911 83.61874999999999 26
1742887193523 83.83625 27
1742887195091 83.8475 28
1742887196606 84.10375 29
1742887198172 84.60125 30
1742887199854 84.57375 31
1742887201623 85.07875 32
1742887203251 84.7375 33
1742887204903 85.2475 34
1742887206560 85.2675 35
1742887208198 85.90124999999999 36
1742887209904 85.61 37
1742887211487 85.2625 38
1742887213056 85.27125 39
1742887214657 85.99375 40
1742887216239 86.30624999999999 41
1742887217831 86.2575 42
1742887219499 86.22875 43
1742887221067 86.1475 44
1742887222694 86.52875 45
1742887224291 86.4475 46
1742887225890 85.9275 47
1742887227546 86.91 48
1742887229134 86.8825 49
1742887230661 86.45125 50
1742887232247 86.95 51
1742887233802 86.8225 52
1742887235442 87.2125 53
1742887237034 86.5925 54
1742887238553 86.5125 55
1742887240145 87.49749999999999 56
1742887241758 86.89375 57
1742887243371 86.48875000000001 58
1742887245054 87.03625000000001 59
1742887246701 87.5925 60
1742887248290 87.58624999999999 61
1742887249701 87.5775 62
1742887251107 87.87875000000001 63
1742887252738 87.83375 64
1742887254441 87.84125 65
1742887256048 87.76375 66
1742887257623 87.60875 67
1742887259177 88.05625 68
1742887260856 88.25125 69
1742887262573 87.8525 70
1742887264149 87.98375 71
1742887265750 88.69624999999999 72
1742887267333 88.39125 73
1742887268880 87.655 74
1742887270552 87.91624999999999 75
1742887272105 88.42875 76
1742887273709 88.06375 77
1742887275314 88.35125000000001 78
1742887276854 88.495 79
1742887278495 88.3975 80
1742887280158 88.52499999999999 81
1742887281741 88.4875 82
1742887283325 88.08 83
1742887284848 88.2225 84
1742887286634 88.00750000000001 85
1742887288311 88.6 86
1742887289921 88.86 87
1742887291510 88.92750000000001 88
1742887293168 88.5425 89
1742887294781 88.755 90
1742887296530 88.27000000000001 91
1742887298150 88.64625000000001 92
1742887299699 88.97500000000001 93
1742887301230 88.9575 94
1742887302851 88.78125 95
1742887304520 88.8 96
1742887306080 89.295 97
1742887307631 89.12 98
1742887309153 88.8975 99
1742887310718 88.96 100
