1743256189689 71.90375 1
1743256197101 71.92125 2
1743256204075 71.995 3
1743256210850 72.05749999999999 4
1743256218145 72.0975 5
1743256225175 72.11375 6
1743256232389 72.14375 7
1743256239152 72.235 8
1743256245927 72.23 9
1743256252653 72.30250000000001 10
1743256259268 72.25875 11
1743256265954 72.29625 12
1743256272836 72.285 13
1743256279453 72.385 14
1743256286035 72.37875 15
1743256292487 72.35374999999999 16
1743256299065 72.38125 17
1743256305608 72.34625 18
1743256312284 72.41250000000001 19
1743256318796 72.41499999999999 20
1743256325630 72.4225 21
1743256332304 72.375 22
1743256339040 72.3925 23
1743256345722 72.4725 24
1743256352540 72.41250000000001 25
1743256359260 72.425 26
1743256365665 72.44874999999999 27
1743256372404 72.41250000000001 28
1743256379003 72.4975 29
1743256385492 72.47625 30
1743256392198 72.45875000000001 31
1743256398650 72.435 32
1743256405362 72.45625 33
1743256411867 72.455 34
1743256418749 72.425 35
1743256425630 72.49875 36
1743256432571 72.47875 37
1743256439135 72.4275 38
1743256445728 72.49125 39
1743256452503 72.475 40
1743256459342 72.475 41
1743256466186 72.5125 42
1743256473011 72.47375000000001 43
1743256479510 72.48750000000001 44
1743256486287 72.4575 45
1743256493040 72.47125 46
1743256499913 72.495 47
1743256506517 72.5025 48
1743256513280 72.53500000000001 49
1743256520197 72.49875 50
