1742981463089 72.09625 1
1742981470581 72.68 2
1742981477633 72.91250000000001 3
1742981484442 73.51375 4
1742981491428 73.96875 5
1742981498430 74.59125 6
1742981505405 75.12 7
1742981512124 75.61 8
1742981519071 75.90125 9
1742981525918 76.315 10
1742981532647 76.6275 11
1742981539126 76.94125000000001 12
1742981545787 77.17875 13
1742981552530 77.34375 14
1742981559147 77.48875 15
1742981565994 77.595 16
1742981572655 77.72625 17
1742981579169 77.9725 18
1742981585963 78.10000000000001 19
1742981592411 78.12 20
1742981599324 78.25750000000001 21
1742981605728 78.385 22
1742981612688 78.5775 23
1742981619291 78.61625 24
1742981626030 78.78375 25
1742981632640 78.925 26
1742981639594 78.93 27
1742981646379 78.91375000000001 28
1742981652977 79.09 29
1742981659438 79.105 30
1742981666176 79.1775 31
1742981672995 79.145 32
1742981679932 79.2025 33
1742981686635 79.35624999999999 34
1742981693134 79.4 35
1742981699870 79.46625 36
1742981706517 79.455 37
1742981713142 79.5475 38
1742981719543 79.5575 39
1742981726148 79.62125 40
1742981732603 79.69000000000001 41
1742981739099 79.67625000000001 42
1742981745653 79.76124999999999 43
1742981752255 79.7675 44
1742981759072 79.80874999999999 45
1742981765916 79.82625 46
1742981772356 79.87125 47
1742981779221 79.94875 48
1742981785959 79.905 49
1742981792375 79.99125000000001 50
1742981798951 80.0325 51
1742981805760 80.09125 52
1742981812261 79.97125 53
1742981818619 80.07625 54
1742981825492 80.1125 55
1742981831876 80.19500000000001 56
1742981838703 80.15875 57
1742981845550 80.17125 58
1742981852337 80.23875000000001 59
1742981859093 80.27250000000001 60
1742981865961 80.25625 61
1742981872344 80.29875 62
1742981879110 80.2975 63
1742981885938 80.35875 64
1742981892767 80.36999999999999 65
1742981899753 80.355 66
1742981906657 80.39625000000001 67
1742981913320 80.53625 68
1742981920184 80.40375 69
1742981927022 80.46124999999999 70
1742981933663 80.445 71
1742981940599 80.525 72
1742981946984 80.55250000000001 73
1742981953664 80.56125 74
1742981960554 80.58999999999999 75
1742981967201 80.5625 76
1742981973919 80.55624999999999 77
1742981980835 80.62125 78
1742981987871 80.63625 79
1742981994650 80.63875 80
1742982001588 80.70875 81
1742982008034 80.6725 82
1742982014547 80.6975 83
1742982021007 80.68375 84
1742982027395 80.705 85
1742982034172 80.675 86
1742982040961 80.78375 87
1742982047668 80.77875 88
1742982054441 80.7825 89
1742982060862 80.77625 90
1742982067350 80.81875 91
1742982073936 80.8075 92
1742982080541 80.80874999999999 93
1742982087277 80.8625 94
1742982093619 80.82625 95
1742982099852 80.93 96
1742982106149 80.78 97
1742982112396 80.93125 98
1742982118687 80.96124999999999 99
1742982124971 80.9375 100
