1743010982640 72.18875 1
1743010991723 72.6325 2
1743011000375 73.05 3
1743011009291 73.64874999999999 4
1743011017874 74.27625 5
1743011026248 74.81375 6
1743011035089 75.35374999999999 7
1743011043861 75.78625 8
1743011052290 76.11625 9
1743011061051 76.5025 10
1743011069505 76.77875 11
1743011077749 76.9475 12
1743011086042 77.21124999999999 13
1743011093913 77.51 14
1743011101753 77.65125 15
1743011109792 77.84625 16
1743011118306 77.96375 17
1743011126353 78.08625 18
1743011134745 78.255 19
1743011142371 78.4125 20
1743011151169 78.5575 21
1743011159490 78.57 22
1743011167514 78.72749999999999 23
1743011176145 78.82249999999999 24
1743011184576 78.82249999999999 25
1743011193108 78.91125 26
1743011201344 79.025 27
1743011210784 79.0925 28
1743011219523 79.1825 29
1743011228066 79.225 30
1743011236362 79.315 31
1743011244815 79.3775 32
1743011253289 79.36999999999999 33
1743011261413 79.57125 34
1743011269771 79.61125 35
1743011278448 79.54875 36
1743011286654 79.64625 37
1743011295259 79.70875 38
1743011303486 79.70625 39
1743011311853 79.74125 40
1743011320592 79.84875 41
1743011329240 79.85 42
1743011338222 79.85624999999999 43
1743011346846 79.95750000000001 44
1743011354950 79.98375 45
1743011363131 79.96875 46
1743011371597 80.0325 47
1743011379885 80.04625 48
1743011388838 80.1075 49
1743011397861 80.10249999999999 50
1743011406425 80.14875 51
1743011414509 80.21875 52
1743011422472 80.22500000000001 53
1743011431231 80.27625 54
1743011439192 80.28875 55
1743011447337 80.2325 56
1743011455455 80.43375 57
1743011463155 80.31875000000001 58
1743011471666 80.33875 59
1743011480282 80.42 60
1743011488640 80.4175 61
1743011497556 80.45375 62
1743011506218 80.5075 63
1743011515141 80.4975 64
1743011523936 80.50625 65
1743011531817 80.5275 66
1743011539628 80.61 67
1743011548048 80.57125 68
1743011556521 80.57875 69
1743011564367 80.635 70
1743011572656 80.65 71
1743011581344 80.64375 72
1743011590059 80.68125 73
1743011598554 80.73375 74
1743011607270 80.67999999999999 75
1743011616079 80.7475 76
1743011624143 80.76625 77
1743011632881 80.66250000000001 78
1743011641391 80.87124999999999 79
1743011649911 80.86125 80
1743011658016 80.83125 81
1743011665765 80.75125 82
1743011674480 80.88625 83
1743011682829 80.8425 84
1743011691367 80.89 85
1743011700284 80.85875 86
1743011708805 81.0125 87
1743011717254 80.95625 88
1743011725780 81.025 89
1743011734119 80.97625000000001 90
1743011742517 81.05125 91
1743011750657 81.00625000000001 92
1743011759573 80.97999999999999 93
1743011768023 80.97625000000001 94
1743011776568 81.01875 95
1743011784973 81.0925 96
1743011792669 81.04124999999999 97
1743011800722 81.07875 98
1743011809150 81.08 99
1743011817636 81.105 100
